0.4856371775665391
0.3062246476691564
0.3667351379568252
0.4220389509895906
0.4981298174102912
0.515210203252059
0.5502245572185027
0.5322135434035415
0.5253964144039328
0.49259462438538343
0.5180598297650624
0.4567975259082041
0.5011966751328168
0.4891385602682614
0.49360321977578686
0.4798073584260946
0.5010956892813091
0.4923186095857414
0.4492685827805379
0.4326387889986583
0.4272055512051921
0.3680022720447097
0.3760975708701421
0.40633683972204226
0.3913030655530734
0.3982256585679533
0.4024068229384771
0.40193123542145126
0.40982569200663194
